Hi all,
I apply the hLDA code to re-implement the simulated data sets similar as the example of Fig. 6 in JACM 2010. However, we can not obtain the right results. For example, no hierarchical structure is generated. The result is listed as follow:
SCORE -1.43335871824476e+005
ITER 104
ETA        1.91344580793593e-001 1.73419242997856e-001 1.21457502341850e-001
GAMMA      1.00000000000000e+000 1.00000000000000e+000
GEM_MEAN 9.47457147985311e-001
GEM_SCALE 6.79639697976705e+001
SCALING_SHAPE 5.00000000000000e-001
SCALING_SCALE 1.00000000000000e+000
ID     PARENT NDOCS  NWORDS  SCALE     WD_CNT
0      -1     000200 003015 5.000e-001      0    417      0      0      0      0    655      0      0      0      0    470      0      0      0      0    602      0      0      0      0    871      0      0      0
1      0      000048 000771 5.000e-001      0      0      0      0      0      0      1      0      0      0    376      1    222     23    145      0      3      0      0      0      0      0      0      0      0
2      1      000048 010470 5.000e-001      0    579      0    751      0      0    528      0    751      0    586   1535    740   1690    817      0    519      0    751      0      0    472      0    751      0
7      0      000036 000531 5.000e-001      0      0      0      0    129      0      6      4      0      0      0      2      0      0    116      0      0      0      0     99      0      0      0      0    175
8      7      000036 007849 5.000e-001      0    453      0      0    610    521    912    517    521   1260      0    447      0      0    623      0    429      0      0    640      0    352      0      0    564
13     0      000046 000661 5.000e-001      0      0      0      0      0      0      0      0      0      0      0      0      0      0      0    165      0    237     89    153      0      8      0      9      0
14     13     000046 010206 5.000e-001      0    589      0    725      0      0    533      0    725      0      0    576      0    725      0    729   1449    657   1530    741      0    511      0    716      0
25     0      000038 000570 5.000e-001     46      0      0      0      0    226      0      0     10      0    142      1      0      0      0     88      0      0      0      0     55      0      0      2      0
26     25     000010 002217 5.000e-001    121    149      0    201      0     72    142      0    198      0     94    137      0    201      0    111    145      0    201      0    119    126      0    200      0
33     25     000028 006215 5.000e-001    604    320      0    390      0    473    294      0    383      0    535    313      0    390      0    572    302      0    390      0    597    263      0    389      0
29     0      000032 000539 5.000e-001      2      2      0      3      4    128     67     67    136    118      0     10      0      0      0      0      0      0      0      0      0      2      0      0      0
59     29     000032 006956 5.000e-001    700   1104    702    699    698    305    727    366    297    315      0    381      0      0      0      0    356      0      0      0      0    306      0      0      0
Does anyone give some suggestions? Thanks for any reply.
The dataset and setteings are attached.
alfred xu
